0 0.587032 0.415850 0.164205 0.164205 0.587032 0.415850 2
0 0.357140 0.584936 0.160555 0.160555 0.357140 0.584936 2
0 0.581020 0.410582 0.163386 0.163386 0.581020 0.410582 2
0 0.493432 0.209626 0.164856 0.164856 0.493432 0.209626 2
0 0.447774 0.561331 0.148808 0.148808 0.447774 0.561331 2
0 0.543917 0.627931 0.077256 0.077256 0.543917 0.627931 2
0 0.445027 0.254629 0.114010 0.114010 0.445027 0.254629 2
0 0.393737 0.350627 0.166667 0.166667 0.393737 0.350627 2
0 0.262606 0.296116 0.166666 0.166666 0.262606 0.296116 2
0 0.466866 0.589286 0.161944 0.161944 0.466866 0.589286 2
0 0.428749 0.437209 0.148467 0.148467 0.428749 0.437209 2
0 0.635878 0.629717 0.166666 0.166666 0.635878 0.629717 2
0 0.276910 0.369703 0.088197 0.088197 0.276910 0.369703 2
0 0.299411 0.555258 0.166667 0.166667 0.299411 0.555258 2
0 0.462895 0.800107 0.102159 0.102159 0.462895 0.800107 2
0 0.610790 0.681746 0.108414 0.108414 0.610790 0.681746 2
0 0.099610 0.354127 0.040974 0.040974 0.099610 0.354127 2
0 0.439603 0.404552 0.157816 0.157816 0.439603 0.404552 2
0 0.949065 0.636629 0.165186 0.165186 0.949065 0.636629 2
0 0.616205 0.295808 0.166665 0.166665 0.616205 0.295808 2
0 0.428330 0.294867 0.143856 0.143856 0.428330 0.294867 2
0 0.464261 0.357778 0.162628 0.162628 0.464261 0.357778 2
0 0.517821 0.388026 0.166596 0.166596 0.517821 0.388026 2
0 0.699392 0.336024 0.153460 0.153460 0.699392 0.336024 2
0 0.402412 0.439947 0.149335 0.149335 0.402412 0.439947 2
0 0.530915 0.686339 0.166667 0.166667 0.530915 0.686339 2
0 0.521272 0.685686 0.166666 0.166666 0.521272 0.685686 2
0 0.630266 0.788224 0.115276 0.115276 0.630266 0.788224 2
0 0.520798 0.434196 0.165838 0.165838 0.520798 0.434196 2
0 0.492551 0.370754 0.166667 0.166667 0.492551 0.370754 2
0 0.498893 0.700010 0.128713 0.128713 0.498893 0.700010 2
0 0.784436 0.440100 0.166666 0.166666 0.784436 0.440100 2
0 0.737007 0.361783 0.164248 0.164248 0.737007 0.361783 2
0 0.430941 0.866157 0.162869 0.162869 0.430941 0.866157 2
0 0.317937 0.357069 0.141526 0.141526 0.317937 0.357069 2
0 0.305114 0.729232 0.166666 0.166666 0.305114 0.729232 2
0 0.203885 0.600238 0.038461 0.038461 0.203885 0.600238 2
0 0.447444 0.350444 0.122928 0.122928 0.447444 0.350444 2
0 0.508702 0.613147 0.166666 0.166666 0.508702 0.613147 2
0 0.548882 0.411242 0.149114 0.149114 0.548882 0.411242 2
0 0.504686 0.631931 0.148135 0.148135 0.504686 0.631931 2
0 0.489760 0.828201 0.115696 0.115696 0.489760 0.828201 2
0 0.432588 0.346140 0.105914 0.105914 0.432588 0.346140 2
0 0.427676 0.588476 0.166667 0.166667 0.427676 0.588476 2
0 0.491010 0.360063 0.141212 0.141212 0.491010 0.360063 2
0 0.396457 0.353935 0.139311 0.139311 0.396457 0.353935 2
0 0.565875 0.392924 0.146537 0.146537 0.565875 0.392924 2
0 0.485414 0.287511 0.166666 0.166666 0.485414 0.287511 2
0 0.309254 0.198667 0.166666 0.166666 0.309254 0.198667 2
0 0.739408 0.423766 0.149704 0.149704 0.739408 0.423766 2
0 0.492617 0.374633 0.156498 0.156498 0.492617 0.374633 2
0 0.498121 0.221811 0.166666 0.166666 0.498121 0.221811 2
0 0.395497 0.654921 0.143475 0.143475 0.395497 0.654921 2
0 0.062443 0.696576 0.166667 0.166667 0.062443 0.696576 2
0 0.700213 0.444418 0.166665 0.166665 0.700213 0.444418 2
0 0.597337 0.680210 0.166666 0.166666 0.597337 0.680210 2
0 0.341026 0.560270 0.080298 0.080298 0.341026 0.560270 2
0 0.501191 0.862421 0.094106 0.094106 0.501191 0.862421 2
0 0.388149 0.408369 0.156575 0.156575 0.388149 0.408369 2
0 0.494866 0.324895 0.157131 0.157131 0.494866 0.324895 2
0 0.464635 0.619874 0.166667 0.166667 0.464635 0.619874 2
0 0.413041 0.588489 0.166510 0.166510 0.413041 0.588489 2
0 0.740964 0.028066 0.166666 0.166666 0.740964 0.028066 2
0 0.612447 0.623579 0.158038 0.158038 0.612447 0.623579 2
0 0.472722 0.516797 0.139489 0.139489 0.472722 0.516797 2
0 0.417098 0.627551 0.166666 0.166666 0.417098 0.627551 2
0 0.325066 0.640667 0.166667 0.166667 0.325066 0.640667 2
0 0.538359 0.663783 0.050308 0.050308 0.538359 0.663783 2
0 0.539241 0.676919 0.136388 0.136388 0.539241 0.676919 2
0 0.477932 0.867142 0.159424 0.159424 0.477932 0.867142 2
0 0.442071 0.545523 0.166239 0.166239 0.442071 0.545523 2
0 0.515914 0.751735 0.166448 0.166448 0.515914 0.751735 2
0 0.512818 0.369462 0.166666 0.166666 0.512818 0.369462 2
0 0.310166 0.106308 0.053766 0.053766 0.310166 0.106308 2
0 0.518084 0.749194 0.166666 0.166666 0.518084 0.749194 2
0 0.434664 0.574885 0.102499 0.102499 0.434664 0.574885 2
0 0.422983 0.568631 0.071768 0.071768 0.422983 0.568631 2
0 0.507329 0.374065 0.165064 0.165064 0.507329 0.374065 2
0 0.684639 0.441410 0.144987 0.144987 0.684639 0.441410 2
0 0.674624 0.610387 0.125078 0.125078 0.674624 0.610387 2
0 0.507554 0.795085 0.059214 0.059214 0.507554 0.795085 2
0 0.545089 0.608745 0.027046 0.027046 0.545089 0.608745 2
0 0.534825 0.627107 0.144861 0.144861 0.534825 0.627107 2
0 0.453057 0.947713 0.072248 0.072248 0.453057 0.947713 2
0 0.506140 0.670034 0.162959 0.162959 0.506140 0.670034 2
0 0.624688 0.604418 0.145630 0.145630 0.624688 0.604418 2
0 0.610785 0.294459 0.143960 0.143960 0.610785 0.294459 2
0 0.620952 0.635629 0.166667 0.166667 0.620952 0.635629 2
0 0.659819 0.714742 0.166666 0.166666 0.659819 0.714742 2
0 0.475093 0.660194 0.164136 0.164136 0.475093 0.660194 2
0 0.594219 0.699753 0.166666 0.166666 0.594219 0.699753 2
0 0.540525 0.606095 0.136429 0.136429 0.540525 0.606095 2
0 0.780750 0.808074 0.166666 0.166666 0.780750 0.808074 2
0 0.473225 0.699933 0.159461 0.159461 0.473225 0.699933 2
0 0.375947 0.391594 0.166666 0.166666 0.375947 0.391594 2
0 0.439262 0.431786 0.033819 0.033819 0.439262 0.431786 2
0 0.517953 0.411481 0.139956 0.139956 0.517953 0.411481 2
0 0.554048 0.182289 0.164595 0.164595 0.554048 0.182289 2
0 0.326590 0.340043 0.159077 0.159077 0.326590 0.340043 2
0 0.431405 0.592540 0.091979 0.091979 0.431405 0.592540 2
0 0.694050 0.245106 0.101471 0.101471 0.694050 0.245106 2
0 0.541068 0.027220 0.109926 0.109926 0.541068 0.027220 2
0 0.388434 0.296965 0.159640 0.159640 0.388434 0.296965 2
0 0.437910 0.414682 0.164669 0.164669 0.437910 0.414682 2
0 0.589146 0.776943 0.160901 0.160901 0.589146 0.776943 2
0 0.533737 0.854436 0.148473 0.148473 0.533737 0.854436 2
0 0.397954 0.164388 0.106717 0.106717 0.397954 0.164388 2
0 0.674851 0.583503 0.153496 0.153496 0.674851 0.583503 2
0 0.480844 0.452337 0.163070 0.163070 0.480844 0.452337 2
0 0.451449 0.605719 0.166666 0.166666 0.451449 0.605719 2
0 0.440109 0.579001 0.141783 0.141783 0.440109 0.579001 2
0 0.448171 0.616440 0.156547 0.156547 0.448171 0.616440 2
0 0.478204 0.547895 0.150666 0.150666 0.478204 0.547895 2
0 0.583912 0.334141 0.164348 0.164348 0.583912 0.334141 2
0 0.572022 0.818097 0.120820 0.120820 0.572022 0.818097 2
0 0.577716 0.631077 0.165295 0.165295 0.577716 0.631077 2
0 0.475123 0.918479 0.166666 0.166666 0.475123 0.918479 2
0 0.455191 0.585023 0.166666 0.166666 0.455191 0.585023 2
0 0.533553 0.681046 0.164350 0.164350 0.533553 0.681046 2
0 0.232829 0.603120 0.166666 0.166666 0.232829 0.603120 2
0 0.538275 0.067718 0.166666 0.166666 0.538275 0.067718 2
0 0.434278 0.265186 0.165133 0.165133 0.434278 0.265186 2
