0 0.072544 0.683343 0.162591 0.166961 0.071740 0.683121 2
0 0.562992 0.366756 0.169210 0.167056 0.561380 0.365499 2
0 0.420888 0.561007 0.161258 0.164160 0.420009 0.561940 2
0 0.495265 0.366967 0.161984 0.169348 0.492073 0.366936 2
0 0.628033 0.134461 0.125885 0.111310 0.627939 0.123658 2
0 0.472594 0.347643 0.158792 0.167486 0.475934 0.347096 2
0 0.244271 0.416074 0.164122 0.164022 0.241376 0.417708 2
0 0.439299 0.693597 0.119181 0.125070 0.441914 0.694619 2
0 0.503458 0.187139 0.152383 0.158615 0.505773 0.188197 2
0 0.376444 0.348173 0.161338 0.166134 0.374157 0.349712 2
0 0.348650 0.404566 0.164694 0.157585 0.348747 0.404823 2
0 0.429305 0.236902 0.119588 0.115869 0.429766 0.238229 2
0 0.144472 0.850333 0.154389 0.164091 0.151123 0.850315 2
0 0.475073 0.587153 0.164791 0.166574 0.477876 0.586523 2
0 0.616288 0.405646 0.161218 0.167348 0.612767 0.407458 2
0 0.641638 0.264003 0.000000 0.000000 0.647875 0.287347 2
0 0.485406 0.718347 0.097960 0.049048 0.476705 0.751973 2
0 0.332178 0.054284 0.166314 0.156689 0.331304 0.047787 2
0 0.251132 0.387151 0.161355 0.147249 0.249777 0.379624 2
0 0.464731 0.303050 0.158143 0.159815 0.462382 0.301573 2
0 0.517453 0.569533 0.163947 0.162894 0.518330 0.570843 2
0 0.584683 0.349752 0.163673 0.161941 0.585318 0.350578 2
0 -0.026211 0.764371 0.146934 0.145875 -0.025945 0.763730 2
0 0.547441 0.645400 0.169418 0.165739 0.547175 0.643936 2
0 0.521958 0.648524 0.165036 0.164528 0.522291 0.648773 2
0 0.587795 0.368302 0.117021 0.130351 0.595143 0.367994 2
0 0.538180 0.810479 0.142417 0.130028 0.539816 0.816743 2
0 0.546115 0.659007 0.160116 0.163573 0.544506 0.659927 2
0 0.704199 0.810635 0.157657 0.140712 0.704298 0.799802 2
0 0.462289 0.389081 0.055980 0.088512 0.459145 0.388667 2
0 0.871136 0.684912 0.046764 0.032015 0.878433 0.692026 2
0 0.360070 0.840098 0.166442 0.165008 0.360426 0.838599 2
0 0.649263 0.373620 0.164792 0.163322 0.648840 0.373079 2
0 0.515781 0.400476 0.166455 0.168181 0.515679 0.400089 2
0 0.407601 0.365214 0.157950 0.156702 0.407136 0.365280 2
0 0.365203 0.349518 0.131201 0.120788 0.365762 0.350003 2
0 0.491037 0.695773 0.161894 0.154019 0.489793 0.696837 2
0 0.346401 0.334114 0.156560 0.154394 0.346596 0.332854 2
0 0.420931 0.222469 0.166586 0.155058 0.422163 0.220734 2
0 0.361855 0.373003 0.158998 0.164843 0.363627 0.372347 2
0 0.599582 0.601544 0.166731 0.164894 0.600319 0.601226 2
0 0.463501 0.612767 0.116851 0.117068 0.462465 0.612873 2
0 0.310129 0.714007 0.143732 0.147775 0.320453 0.714179 2
0 0.476324 0.602883 0.163111 0.150951 0.474959 0.606582 2
0 0.626133 0.108754 0.164306 0.166916 0.625871 0.106996 2
0 0.447042 0.649837 0.149941 0.143778 0.447345 0.650743 2
0 0.451694 0.280778 0.164836 0.168386 0.452454 0.280603 2
0 0.849172 0.645740 0.160964 0.166765 0.846664 0.647813 2
0 0.491661 0.679113 0.157417 0.168070 0.490016 0.679427 2
0 0.582541 0.379312 0.166187 0.165183 0.582989 0.378058 2
0 0.461423 0.299255 0.154192 0.161312 0.458982 0.300475 2
0 0.572831 0.633142 0.152259 0.145043 0.573103 0.636507 2
0 0.478199 0.668261 0.165376 0.160669 0.478818 0.665396 2
0 0.401306 0.536274 0.161200 0.150985 0.400667 0.541876 2
0 0.699055 0.648792 0.151549 0.152509 0.705600 0.644438 2
0 0.437303 0.392931 0.165793 0.164844 0.437141 0.392854 2
0 0.508114 0.292159 0.160764 0.165814 0.508557 0.290718 2
0 0.274075 0.658054 0.153111 0.167588 0.266737 0.659041 2
0 0.609520 0.623915 0.153516 0.152691 0.610395 0.626919 2
0 0.544379 0.676765 0.166527 0.160345 0.544010 0.672830 2
0 0.270547 0.735649 0.157575 0.163717 0.268591 0.733836 2
0 0.448972 0.612940 0.099343 0.109101 0.447357 0.613631 2
0 0.343261 0.121717 0.135744 0.135210 0.342132 0.119456 2
0 0.339333 0.630506 0.151679 0.151777 0.339944 0.629962 2
0 0.783678 0.598412 0.093773 0.119827 0.768012 0.599239 2
0 0.562494 0.398365 0.000000 0.000000 0.553455 0.369321 2
0 0.464139 0.405536 0.160962 0.151881 0.463773 0.403007 2
0 0.393403 0.557631 0.147239 0.166674 0.386845 0.560220 2
0 0.387394 0.620852 0.166038 0.156757 0.388232 0.618954 2
0 -0.050096 0.291159 0.168114 0.166009 -0.049709 0.290921 2
0 0.513204 0.640150 0.145123 0.132720 0.513254 0.646644 2
0 0.353057 0.829897 0.158434 0.145190 0.353612 0.824117 2
0 0.269347 0.569366 0.139893 0.140181 0.269914 0.569579 2
0 0.648759 0.603696 0.137823 0.138207 0.649708 0.604049 2
0 0.657720 0.867831 0.152014 0.163986 0.663539 0.867251 2
0 0.022808 0.253218 0.128567 0.127244 0.021172 0.253590 2
0 0.686246 0.693328 0.121326 0.114241 0.686119 0.689868 2
0 0.274626 0.777771 0.158235 0.166400 0.277850 0.776578 2
0 0.877998 0.225871 0.091077 0.111763 0.866058 0.225664 2
0 0.460078 0.655215 0.072809 0.089214 0.467138 0.659016 2
0 0.304707 0.488961 0.169045 0.164762 0.305203 0.487202 2
0 0.255907 0.288583 0.097643 0.082205 0.255025 0.300984 2
0 0.580195 0.449756 0.167625 0.163733 0.580769 0.447793 2
0 0.390791 0.164522 0.164978 0.162967 0.390195 0.163029 2
0 0.523114 0.647916 0.144318 0.156767 0.530234 0.646799 2
0 0.749630 0.653369 0.151047 0.152111 0.751104 0.654318 2
0 0.299290 0.576026 0.148236 0.160386 0.304339 0.575493 2
0 0.802657 0.565638 0.135440 0.142630 0.796779 0.566562 2
0 0.486151 0.401351 0.162539 0.165661 0.486840 0.400788 2
0 0.488600 0.393269 0.163334 0.164740 0.490252 0.393109 2
0 0.441211 0.718771 0.163268 0.165692 0.440081 0.717502 2
0 0.526140 0.075406 0.074554 0.062856 0.530261 0.071949 2
0 0.530355 0.623096 0.164145 0.156358 0.529606 0.618353 2
0 0.419922 0.428153 0.158096 0.165821 0.415083 0.426720 2
0 0.553668 0.332206 0.162792 0.165325 0.554778 0.328977 2
0 0.671044 0.586536 0.156500 0.152470 0.670171 0.587507 2
0 0.480924 0.287286 0.167786 0.155351 0.480554 0.291403 2
0 0.426074 0.605087 0.115457 0.118521 0.426295 0.603747 2
0 0.668538 0.542848 0.168814 0.159258 0.668690 0.539613 2
0 0.325000 0.626502 0.154505 0.149332 0.328214 0.632774 2
0 0.387835 0.566354 0.153161 0.165327 0.384190 0.566576 2
0 0.811083 0.788008 0.145341 0.146215 0.810620 0.788150 2
0 0.418082 0.631072 0.161728 0.161558 0.419350 0.630507 2
0 0.446011 0.621841 0.164883 0.166846 0.446163 0.621890 2
0 0.392623 0.394096 0.165913 0.168553 0.393542 0.394797 2
0 0.484183 0.578627 0.166039 0.155103 0.483008 0.584679 2
0 0.576133 0.307674 0.162848 0.164638 0.579147 0.309739 2
0 0.254577 0.293667 0.141589 0.143940 0.255525 0.294572 2
0 0.553888 0.356725 0.162164 0.157332 0.552070 0.359343 2
0 0.580060 0.753751 0.111264 0.123604 0.571908 0.752925 2
0 0.413820 0.589851 0.165762 0.163167 0.414228 0.586330 2
0 0.646823 0.449276 0.156757 0.129826 0.645569 0.436103 2
0 0.489516 0.729043 0.151515 0.142309 0.488561 0.739762 2
