0 0.349771 0.306798 0.145850 0.145850 0.349771 0.306798 2
0 0.622157 0.337527 0.165639 0.165639 0.622157 0.337527 2
0 0.715757 0.554090 0.142594 0.142594 0.715757 0.554090 2
0 0.600570 0.344991 0.053411 0.053411 0.600570 0.344991 2
0 0.646350 0.435343 0.146965 0.146965 0.646350 0.435343 2
0 0.588692 0.289387 0.166666 0.166666 0.588692 0.289387 2
0 0.887771 0.814221 0.143514 0.143514 0.887771 0.814221 2
0 0.533159 0.335985 0.134075 0.134075 0.533159 0.335985 2
0 0.657129 0.837311 0.036463 0.036463 0.657129 0.837311 2
0 0.667350 0.761186 0.140787 0.140787 0.667350 0.761186 2
0 0.458869 0.363846 0.160900 0.160900 0.458869 0.363846 2
0 0.302800 0.696789 0.144251 0.144251 0.302800 0.696789 2
0 0.521682 0.744570 0.142289 0.142289 0.521682 0.744570 2
0 0.590982 0.628838 0.132260 0.132260 0.590982 0.628838 2
0 0.458135 0.407690 0.157380 0.157380 0.458135 0.407690 2
0 0.314693 0.346753 0.132234 0.132234 0.314693 0.346753 2
0 0.593621 0.599830 0.166666 0.166666 0.593621 0.599830 2
0 0.376243 0.450462 0.101895 0.101895 0.376243 0.450462 2
0 0.211973 0.323857 0.137738 0.137738 0.211973 0.323857 2
0 0.291184 0.577505 0.166666 0.166666 0.291184 0.577505 2
0 0.466916 0.363650 0.164925 0.164925 0.466916 0.363650 2
0 0.610881 0.644317 0.142689 0.142689 0.610881 0.644317 2
0 0.235878 0.834118 0.098847 0.098847 0.235878 0.834118 2
0 0.637542 0.621773 0.166665 0.166665 0.637542 0.621773 2
0 0.466651 0.610030 0.160655 0.160655 0.466651 0.610030 2
0 0.606086 0.681714 0.129795 0.129795 0.606086 0.681714 2
0 0.385318 0.599212 0.138504 0.138504 0.385318 0.599212 2
0 0.752624 0.210678 0.166667 0.166667 0.752624 0.210678 2
0 0.510668 0.679186 0.166665 0.166665 0.510668 0.679186 2
0 0.592891 0.567315 0.152839 0.152839 0.592891 0.567315 2
0 0.469502 0.248416 0.165356 0.165356 0.469502 0.248416 2
0 0.403154 0.665098 0.139826 0.139826 0.403154 0.665098 2
0 0.710216 0.766904 0.145827 0.145827 0.710216 0.766904 2
0 0.419421 0.393478 0.166281 0.166281 0.419421 0.393478 2
0 0.529527 0.286793 0.140430 0.140430 0.529527 0.286793 2
0 0.387723 0.651663 0.166666 0.166666 0.387723 0.651663 2
0 0.408590 0.294693 0.149305 0.149305 0.408590 0.294693 2
0 0.443459 0.372658 0.162402 0.162402 0.443459 0.372658 2
0 0.585736 0.868313 0.164916 0.164916 0.585736 0.868313 2
0 0.304890 0.400330 0.153073 0.153073 0.304890 0.400330 2
0 0.872605 0.650302 0.164258 0.164258 0.872605 0.650302 2
0 0.622438 0.586012 0.166666 0.166666 0.622438 0.586012 2
0 0.658383 0.281256 0.166159 0.166159 0.658383 0.281256 2
0 0.189214 0.201997 0.126092 0.126092 0.189214 0.201997 2
0 0.500345 0.603214 0.129910 0.129910 0.500345 0.603214 2
0 0.585639 0.573503 0.166667 0.166667 0.585639 0.573503 2
0 0.941874 0.944235 0.163990 0.163990 0.941874 0.944235 2
0 0.359577 0.598866 0.160152 0.160152 0.359577 0.598866 2
0 0.570746 0.620293 0.160524 0.160524 0.570746 0.620293 2
0 0.571236 0.392572 0.145324 0.145324 0.571236 0.392572 2
0 0.656404 0.382125 0.094550 0.094550 0.656404 0.382125 2
0 0.593527 0.346487 0.153318 0.153318 0.593527 0.346487 2
0 0.238474 0.779019 0.070141 0.070141 0.238474 0.779019 2
0 0.677037 0.253696 0.089482 0.089482 0.677037 0.253696 2
0 0.592037 0.353027 0.153247 0.153247 0.592037 0.353027 2
0 0.524989 0.730125 0.101422 0.101422 0.524989 0.730125 2
0 0.482333 0.644675 0.108251 0.108251 0.482333 0.644675 2
0 0.442400 0.622996 0.157955 0.157955 0.442400 0.622996 2
0 0.576581 0.597213 0.161669 0.161669 0.576581 0.597213 2
0 0.592150 0.916290 0.150307 0.150307 0.592150 0.916290 2
0 0.433062 0.441298 0.163901 0.163901 0.433062 0.441298 2
0 0.392707 0.895461 0.166666 0.166666 0.392707 0.895461 2
0 0.494690 0.587192 0.146259 0.146259 0.494690 0.587192 2
0 0.544413 0.341666 0.111989 0.111989 0.544413 0.341666 2
0 0.527033 0.390582 0.118100 0.118100 0.527033 0.390582 2
0 0.639842 0.629165 0.134956 0.134956 0.639842 0.629165 2
0 0.495154 0.649251 0.145991 0.145991 0.495154 0.649251 2
0 0.362276 0.429036 0.163803 0.163803 0.362276 0.429036 2
0 0.447467 0.629745 0.045069 0.045069 0.447467 0.629745 2
0 0.497663 0.636668 0.100464 0.100464 0.497663 0.636668 2
0 0.414024 0.661259 0.145394 0.145394 0.414024 0.661259 2
0 0.451705 0.391196 0.127943 0.127943 0.451705 0.391196 2
0 0.257626 0.347223 0.166667 0.166667 0.257626 0.347223 2
0 0.880296 0.721031 0.166667 0.166667 0.880296 0.721031 2
0 0.506466 0.301933 0.147814 0.147814 0.506466 0.301933 2
0 0.372831 0.659841 0.122595 0.122595 0.372831 0.659841 2
0 0.553901 0.280203 0.130837 0.130837 0.553901 0.280203 2
0 0.565594 0.781528 0.161935 0.161935 0.565594 0.781528 2
0 0.492899 0.583357 0.131236 0.131236 0.492899 0.583357 2
0 0.544776 0.555837 0.166666 0.166666 0.544776 0.555837 2
0 0.516604 0.440968 0.124920 0.124920 0.516604 0.440968 2
0 0.577243 0.342381 0.114453 0.114453 0.577243 0.342381 2
0 0.300092 0.742869 0.165765 0.165765 0.300092 0.742869 2
0 0.561593 0.277075 0.165268 0.165268 0.561593 0.277075 2
0 0.817048 0.765886 0.160124 0.160124 0.817048 0.765886 2
0 0.492959 0.651743 0.102646 0.102646 0.492959 0.651743 2
0 0.556860 0.609509 0.162763 0.162763 0.556860 0.609509 2
0 0.799912 0.631945 0.166666 0.166666 0.799912 0.631945 2
0 0.431242 0.638515 0.132371 0.132371 0.431242 0.638515 2
0 0.727013 0.243774 0.166665 0.166665 0.727013 0.243774 2
0 0.595124 0.407338 0.159838 0.159838 0.595124 0.407338 2
0 0.221485 0.286941 0.164669 0.164669 0.221485 0.286941 2
0 0.731204 0.666556 0.152199 0.152199 0.731204 0.666556 2
0 0.351224 0.614378 0.166666 0.166666 0.351224 0.614378 2
0 0.372217 0.582838 0.069336 0.069336 0.372217 0.582838 2
0 0.606715 0.381555 0.162941 0.162941 0.606715 0.381555 2
0 0.502934 0.328057 0.136188 0.136188 0.502934 0.328057 2
0 0.718710 0.318382 0.166666 0.166666 0.718710 0.318382 2
0 0.486007 0.270599 0.150144 0.150144 0.486007 0.270599 2
0 0.511778 0.318055 0.112086 0.112086 0.511778 0.318055 2
0 0.782231 0.218105 0.166666 0.166666 0.782231 0.218105 2
0 0.440778 0.010345 0.134282 0.134282 0.440778 0.010345 2
0 0.111228 0.182545 0.165518 0.165518 0.111228 0.182545 2
0 0.585484 0.655735 0.151553 0.151553 0.585484 0.655735 2
0 0.650989 0.326644 0.130428 0.130428 0.650989 0.326644 2
0 0.493887 0.406039 0.150918 0.150918 0.493887 0.406039 2
0 0.406661 0.643706 0.159328 0.159328 0.406661 0.643706 2
0 0.495106 0.619761 0.161158 0.161158 0.495106 0.619761 2
0 0.536782 0.397581 0.161601 0.161601 0.536782 0.397581 2
0 0.634031 0.573467 0.150614 0.150614 0.634031 0.573467 2
0 0.515185 0.402453 0.150160 0.150160 0.515185 0.402453 2
0 0.642417 0.679924 0.151745 0.151745 0.642417 0.679924 2
0 0.431399 0.693406 0.156139 0.156139 0.431399 0.693406 2
0 0.361742 0.692123 0.108468 0.108468 0.361742 0.692123 2
0 0.417671 0.651937 0.151369 0.151369 0.417671 0.651937 2
0 0.437435 0.753841 0.166666 0.166666 0.437435 0.753841 2
0 0.490516 0.791111 0.166665 0.166665 0.490516 0.791111 2
0 0.638411 0.576933 0.084730 0.084730 0.638411 0.576933 2
0 0.431291 0.688964 0.160733 0.160733 0.431291 0.688964 2
0 0.678239 0.454672 0.072097 0.072097 0.678239 0.454672 2
0 0.565979 0.371609 0.165837 0.165837 0.565979 0.371609 2
0 0.452398 0.595668 0.166666 0.166666 0.452398 0.595668 2
0 0.229099 0.345357 0.145289 0.145289 0.229099 0.345357 2
0 0.121402 0.363414 0.124369 0.124369 0.121402 0.363414 2
0 0.650041 0.632852 0.166665 0.166665 0.650041 0.632852 2
0 0.314353 0.709068 0.162698 0.162698 0.314353 0.709068 2
0 0.459536 0.415295 0.166666 0.166666 0.459536 0.415295 2
0 0.566003 0.357457 0.125373 0.125373 0.566003 0.357457 2
0 0.409430 0.161395 0.166666 0.166666 0.409430 0.161395 2
0 0.501329 0.144743 0.098915 0.098915 0.501329 0.144743 2
0 0.633288 0.365250 0.165256 0.165256 0.633288 0.365250 2
0 0.553002 0.416591 0.109623 0.109623 0.553002 0.416591 2
0 0.458103 0.674510 0.153769 0.153769 0.458103 0.674510 2
0 0.738367 0.294848 0.166666 0.166666 0.738367 0.294848 2
0 0.481691 0.548873 0.166667 0.166667 0.481691 0.548873 2
0 0.544484 0.375889 0.145107 0.145107 0.544484 0.375889 2
0 0.672373 0.678232 0.152389 0.152389 0.672373 0.678232 2
0 0.444908 0.805063 0.151112 0.151112 0.444908 0.805063 2
0 0.535749 0.645011 0.159842 0.159842 0.535749 0.645011 2
0 0.668336 0.579319 0.143013 0.143013 0.668336 0.579319 2
0 0.606176 0.281263 0.166665 0.166665 0.606176 0.281263 2
0 0.497549 0.706285 0.096970 0.096970 0.497549 0.706285 2
0 0.403523 0.558485 0.166666 0.166666 0.403523 0.558485 2
0 0.772568 0.743087 0.155512 0.155512 0.772568 0.743087 2
0 0.655651 0.556788 0.140236 0.140236 0.655651 0.556788 2
0 0.564033 0.301692 0.122940 0.122940 0.564033 0.301692 2
0 0.813212 0.652518 0.150982 0.150982 0.813212 0.652518 2
